19073000 002 2 171 1160 1002    000                                    
19073006 002 2 176 1154  998     000                                    
19073012 002 2 180 1148  996     000                                    
19073018 002 3 184 1142  994     035             
19073100 002 3 188 1137  994     035               
19073106 002 3 192 1129  992     035               
19073112 002 3 195 1122  992     035            
19073118 002 3 201 1114  990     040              
19080100 002 3 204 1108  990     040               
19080106 002 3 210 1105  990     040               
19080112 002 3 214 1102  990     040              
19080118 002 3 212 1094  990     040          
19080200 002 3 212 1091  990     040             
19080206 002 3 211 1090  985     045             
19080212 002 3 216 1082  990     040               
19080218 002 3 215 1073  992     035               
19080300 002 3 212 1065  992     035              
19080306 002 3 208 1062  992     035               
19080312 002 2 202 1054  994     000                                    
19080318 002 2 197 1044  996     000                                    
19080400 002 2 207 1028  998     000                                    
19080406 002 2 205 1021  998     000                                    
          