19072400 002 2 230 1370 1008     000                                    
19072406 002 2 235 1375 1006     000                                    
19072412 002 2 243 1378 1006     000                                    
19072418 002 2 253 1378 1006     000                                    
19072500 002 2 263 1377 1006     000                                    
19072506 002 2 265 1375 1004     000                                    
19072512 002 2 275 1375 1006     000                                    
19072518 002 3 285 1373 1002     035                
19072600 002 3 297 1371 1000     035               
19072606 002 3 309 1362 1000     035               
19072612 002 3 320 1358 1000     035               
19072618 002 3 334 1359  998      035               
19072622 002 3 341 1363 1000     035              
19072700 002 3 347 1364 1000     035               
19072706 002 2 356 1367 1004     000                                    
19072712 002 2 360 1383 1008     000                                    
19072718 002 2 366 1398 1008     000                                    
19072800 002 6 369 1420 1010     000                                    
19072806 002 6 376 1437 1010     000                                    
19072812 002 6 382 1457 1010     000                                    
19072818 002 6 387 1477 1010     000                                    
19072900 002 6 393 1498 1010     000                                    
19072906 002 6 398 1516 1008     000                                    
19072912 002 6 405 1529 1010     000                                    



                           
