1.1148
0.5444956
0.8076189
0.6981671
0.6453485
0.6441189
0.5044545
0.3087036
-0.1133505
0.08602495
0.07614249
0.2260656
1.086318
1.592767
1.460612
1.394501
1.500552
1.590521
1.464864
1.633837
1.629856
1.515167
1.151134
-0.09905049
-0.9806741
-1.751732
-2.27502
-2.481231
-2.280767
-0.5998554
-0.09288336
0.2395768
0.5296969
-0.1081489
-0.06724346
-0.4131286
-0.8121367
-0.06894016
-0.3107942
-0.06952599
-0.1030238
0.2146326
-0.08871012
-0.06798169
-0.1453432
-0.3048908
-0.03642505
-0.4568695
-1.595119
-1.695848
-2.31026
-2.394906
-2.348032
-2.685231
-2.191835
-1.65868
-1.243383
-1.39175
-1.233998
-0.6623598
-1.020958
-1.320411
-0.9478435
-1.730599
-1.995428
-1.976017
-1.7496
-1.382394
-1.391275
-1.683561
-1.089656
-0.9736825
-1.112749
-0.4716967
0.04417847
0.5217993
-0.69047
-0.3210371
-0.4081743
-0.13861
-0.4652733
-0.07990039
-0.4387365
-1.048817
-0.4038281
-1.990332
-2.351847
-2.200387
-1.8575
-0.8420247
-0.3144728
0.2534077
0.8027587
0.698177
0.451246
0.7645868
1.488016
2.050125
1.952068
2.09832
2.671098
3.0343
2.582105
1.875271
1.343849
0.8549677
0.001432233
-0.1341002
-0.07673648
-0.9207737
-1.483019
-1.312615
-1.089741
-2.088354
-2.277234
-1.634843
-1.358312
-0.8333489
-0.3932584
-0.4792148
-1.489349
-0.6801905
0.2241601
-0.04958906
0.5706084
0.05727128
-0.3709596
-0.1265619
-0.05871746
-0.7599911
-0.4323796
-1.337398
-1.566059
-2.000306
-1.175555
-1.657545
-1.521067
-1.559271
-1.401838
-1.375294
-1.372304
-1.035702
-0.5769315
0.02356365
0.132649
0.4796459
0.8917617
0.9542871
1.69532
1.754145
1.568347
1.00842
0.5533838
-0.07417926
-0.6343862
-1.204283
-1.2697
-1.467588
-1.05635
-0.9224263
-1.413984
-1.018773
-1.040017
-0.9571007
-0.4467947
-0.4378128
-0.06931948
0.3399175
0.433883
1.294355
2.430669
1.566913
1.202417
1.358836
0.6481653
0.617564
0.6024147
0.6923525
0.395741
0.3607037
-0.1335065
-0.3681421
-0.05021398
0.7074564
1.389365
1.673695
2.003522
1.377327
1.039821
0.04233764
0.02683243
-0.09868635
-0.6590778
-0.6750984
-1.274582
-1.829949
-1.045474
-1.303778
-1.03696
-0.5727409
-0.7523555
-0.4730281
0.1448818
0.7995206
0.4103124
-0.07482414
-0.827028
-0.4697619
-0.6021532
-0.8969691
-0.7990049
-0.8529076
-0.7034045
-0.2984448
-0.6002281
-1.413325
-0.9538291
-0.9131105
-0.5959523
-0.2631719
-0.5132896
-0.9120084
-0.4884991
-0.7780059
-0.3294819
0.0170826
-0.06327558
0.4734712
0.05103536
0.1321653
-0.2437592
0.2795371
0.2761245
-0.474573
-0.4922832
-0.7396863
-0.7137799
-0.09044353
-1.032052
-1.305069
-0.7551935
-0.3111925
0.785198
0.09081332
0.2263358
0.7098065
0.6632668
0.7148455
1.185205
0.945646
1.109546
2.161606
2.062507
1.785653
1.329164
0.9745498
0.6186721
-0.004787631
0.1426731
0.3502951
0.2738081
0.2400841
0.8445365
1.207727
0.8099155
-0.04956584
-0.4850205
0.1691132
-0.2335986
-0.02895485
0.1012086
0.02918639
0.07202768
0.4548013
0.7980497
0.1454041
0.5207363
0.8280935
-0.3645462
0.1245745
0.5207109
0.604938
0.7137107
0.5944489
-0.04228254
0.2456872
0.6403195
0.3733507
-0.1767699
-0.07797747
-0.2628763
0.3678135
-0.1282771
-0.6367452
-0.3704941
-0.4198586
-0.45384
-0.3434811
-0.6451057
-0.4832355
0.3227707
0.9636156
2.026112
2.080344
2.112765
2.031023
0.8136786
0.524931
0.8575184
0.6432166
0.5969103
0.4851083
0.5120063
0.5105515
0.779406
-0.1357633
-0.128318
0.1568027
1.217624
1.282546
0.7565615
0.9748713
0.9291978
0.9265912
1.171529
1.707438
1.579007
1.97781
2.094529
2.864662
2.204093
1.427121
0.7093461
0.5316522
-0.02977382
0.2691523
0.2195053
-0.5402139
-1.225483
-0.5452983
-0.2298354
-0.8591653
-1.127556
-0.9704988
-0.6300745
-0.3163452
-0.2342922
-0.367765
-0.8713366
-0.4038665
-0.7346788
-0.3322947
0.8141177
0.331869
0.188274
-0.3497086
0.03926628
0.624071
0.339976
0.4318732
0.8207582
0.9421347
1.589162
1.697044
1.281932
1.285593
1.482892
1.110398
0.4534949
0.3742591
0.6926233
1.319812
1.522755
1.729973
1.396979
1.120766
0.7446827
0.9809142
0.5920978
0.7886932
0.8879519
0.8880393
0.4267778
-0.2155632
-0.3508484
-1.062919
-1.333784
-0.8317059
-0.9252915
-1.113608
-0.9167844
-0.8800593
-0.9395979
-0.8181963
-0.3874856
-0.04670066
-0.6698917
-1.292663
-1.428932
-0.9456478
-0.5056671
-0.7971089
-0.7705519
-1.096243
-0.590333
-0.5448518
-0.5227844
-1.465391
-0.9145706
-0.1020364
-0.2821966
-0.7789201
-1.228455
-1.101749
-1.005756
-0.740521
-0.3362324
-0.07170606
0.2169725
-0.2800718
-0.254336
0.08437616
0.06881086
0.2450466
0.5126824
0.5072587
0.6799484
0.5899554
0.6022746
0.3878306
0.9336765
0.6671911
0.007188833
-0.2617637
-0.09901232
-0.0741997
-0.4449453
-0.7771125
-0.3297168
-0.3932905
-0.3559322
-0.5794141
-0.9956613
-0.8243685
-0.7545555
-0.6338029
-0.04043682
-0.9160717
-1.645385
-2.069212
-2.316273
-1.32934
-1.259353
-0.7479957
-0.07714751
0.5887309
1.602158
1.832627
1.7139
0.5604261
0.3126416
0.5136438
0.3860934
0.2729151
0.01481134
0.3921442
0.5493929
0.8067869
1.319591
2.079015
2.310483
1.688113
1.021308
0.5364243
0.5932452
0.2958603
0.4006938
0.3531017
0.4741369
0.8109277
0.7310285
1.309342
0.5998412
0.6440759
0.8215955
1.154881
1.329826
1.106487
1.225207
1.194924
0.1207462
-0.5653157
-0.9909041
-0.7544511
-0.9325273
-0.5907103
-0.4609198
-0.02355963
-0.04149256
0.3515283
0.3445689
-0.06696325
-0.83032
-1.163675
-1.34063
-1.660242
-1.746376
-1.820053
-0.7240741
-0.4149128
-0.5869944
-0.9222108
-0.9237655
-0.8434621
0.1015708
0.4276699
0.09671976
-0.12539
-0.4702174
0.005561844
0.3744653
-0.921768
-1.418571
-1.359994
-1.267893
-1.212613
-1.255463
-0.3395694
-0.5006214
-0.341439
0.08388487
0.09682935
-0.2899587
0.298257
0.6315902
0.6190577
0.8180502
0.3398823
0.2767985
0.4699682
0.7499412
0.06517109
-0.1960771
1.065891
0.9584532
0.9548269
1.22097
0.5613439
-0.3063148
-0.5132633
-0.1120849
-0.1889213
-0.6493199
-0.4091481
-0.5039881
-0.5575801
-0.4176722
-0.931518
-1.310522
-0.8407515
-0.5564792
-1.103195
-0.6252416
0.1852032
1.648508
1.286486
1.468566
1.089836
0.1431526
0.3440946
0.1104331
-0.2146826
0.2264834
1.044868
0.2091637
-0.1072151
0.4471297
0.4553827
0.7847418
0.5752831
-0.236118
-0.2132137
0.1934778
0.6226966
0.4779564
0.1312811
0.4454766
0.7256885
1.020947
0.7522529
0.6820443
0.1150791
0.5505662
0.9688029
0.9106112
1.245544
0.9088606
1.060226
0.4299627
0.6831689
