1.085661
1.300761
1.344573
2.198227
2.110844
1.848771
1.272514
1.382897
1.345125
1.443055
1.012922
0.2299995
0.4421175
0.3441779
0.5297166
0.4230607
-0.1344748
0.2220388
0.8189518
1.143223
1.331454
1.445691
1.51699
1.616379
2.199992
2.407457
1.647492
1.887851
2.33818
2.477599
2.060275
1.406916
0.8830146
0.3391314
-0.4052026
0.2446781
-0.2193007
-1.168717
-0.1961166
0.09159451
-0.3133734
-0.8687911
-1.129191
-1.00691
-0.8047069
0.02939434
-0.742639
-0.9547651
-1.36055
-0.764021
-0.9838312
-1.298374
-1.701674
-1.966282
-2.250068
-1.766936
-1.56246
-1.667373
-1.833978
-1.088592
0.2097143
0.7629278
1.695146
1.207267
1.041997
0.8447183
0.6843519
0.1311525
0.08776788
0.2193943
0.5213507
0.7172221
0.5660118
0.8537568
1.320158
1.043312
1.715587
1.087035
0.543488
0.5972739
0.7114177
0.4034273
0.1226413
-0.7393202
-0.111625
-0.5840165
-0.4338413
-0.9439121
-1.946065
-1.400297
-1.218025
-0.6565825
-0.5059711
-0.5066283
-0.3479363
-0.8256696
0.08385542
0.02604636
1.010836
0.9856601
-0.07276395
0.1821401
0.009172935
0.2337426
0.01728135
0.0392326
-0.7126546
-0.3072898
-0.1810303
0.1513335
-0.5545996
-0.1007206
-0.1309049
-0.698823
-0.7864053
-1.084791
-0.9903149
-0.2228088
-0.2920865
-0.08776338
-0.4089707
-0.695342
-0.4212439
0.4253126
0.04538755
-0.8102204
-1.021128
-0.7759075
-0.8673832
-1.229815
-0.8761531
-0.3020495
0.3154765
0.4210507
0.3726524
0.2716221
-0.1866505
-0.4271425
-0.1171281
0.4954312
0.5569689
0.744469
0.3840663
1.033583
1.099128
1.37211
0.2988514
0.4156932
0.3916105
0.4604304
0.7557988
0.8343746
0.2357623
0.6093775
0.6114771
0.4946346
-0.2897341
-0.3200458
-0.4718547
0.9516746
1.221935
-0.1549415
-0.3916541
0.1726989
0.005902758
0.4940172
0.8937972
0.6412549
-0.5467359
-0.3190939
0.240981
0.2976572
0.1522391
0.2420067
0.337263
-0.2077682
-0.07985282
0.07955862
0.2673958
0.4475587
-0.8374897
-0.890267
-1.400942
-1.898252
-1.712698
-1.100464
-0.5502946
-0.4938759
0.03975845
-0.2611443
-0.6207991
-0.1651247
0.2077015
0.02533346
-0.636638
-0.06388935
-0.02890534
0.01424791
0.1359065
0.05009124
-0.05184455
0.04714417
0.2090014
0.1166802
0.2204106
0.5027077
0.2429273
1.199116
2.21704
0.8308435
0.3600246
0.2199834
0.0266818
0.05849019
0.4631284
0.4604289
1.293662
1.122721
0.2400744
-0.3663229
0.1681893
0.8247777
1.462629
1.261373
0.777446
1.222799
0.947755
1.12266
0.9302699
0.4432096
1.017418
0.6841424
0.7372536
1.763367
1.619553
1.238977
1.067484
1.0763
1.422695
1.500905
0.6560406
-0.006751447
-0.08933722
-0.4586903
-1.508576
-1.273281
-0.8447336
-0.867682
-0.8094343
-0.3280985
0.008228497
-0.173021
1.015205
1.444618
1.281809
0.249105
0.01392953
-0.9661826
-1.497374
-1.383838
-1.092609
-1.010738
-0.5067321
-1.389189
-2.501099
-3.346976
-3.335887
-3.087599
-0.9242246
0.3034185
1.169081
1.048178
1.062982
0.7225198
0.5354014
0.2191971
-0.1553174
-1.150849
-1.183155
-1.119052
-0.8335307
-0.9588597
-0.8080211
-0.4522536
-0.31802
-0.4203855
-0.4037482
-0.06837062
-0.6775373
-1.384932
-1.383464
0.2399919
0.07025676
-0.6072306
-0.9235638
-1.077075
-1.068986
-0.9469908
-0.8750026
-0.793331
-1.172459
-0.6084301
0.9166257
1.028263
0.9425055
1.780677
1.359137
0.7436631
0.6676876
0.7224894
0.6631701
0.1069064
-0.770636
-1.487129
-3.377039
-2.354301
-2.230289
-1.297071
-0.2670205
-0.2516726
-0.1123573
0.07513674
0.08303053
-0.3406527
-0.02915604
0.1028056
0.6587354
0.5552368
0.5435558
0.6309628
0.9060029
0.09750659
-0.1832502
-0.000327684
-0.2882262
-0.1036906
-0.5333367
-0.1957315
-0.2020243
-0.5858764
-0.6305838
-0.9431862
-0.6850258
-0.2634905
-0.6834011
-0.8642216
-0.1316106
0.393093
0.09662545
-0.1215145
-0.3502872
-0.8780433
-1.623291
-1.927066
-1.475944
-1.702049
-1.612699
-2.163256
-2.275541
-2.127491
-2.557105
-2.665512
-1.666555
-0.4750656
-0.1453896
-0.4586513
-0.6992243
-1.257286
-1.03534
-0.6895016
-0.1200192
-0.2643386
-0.3767217
-0.3152485
-0.5802333
-1.034129
-0.08520865
-0.2138708
-0.1166675
0.2863053
0.0442631
0.1756207
-0.07895727
-0.248409
-0.5490825
-0.941927
0.8853021
0.5618724
1.088239
1.374165
0.8378052
0.7953972
0.8749216
0.7430081
0.2799913
0.4077777
0.06976889
0.2064374
0.5357503
-0.1726192
-0.6216418
0.2186396
0.6030342
0.4937032
0.7220787
-0.1043362
0.24628
0.3485017
1.977091
1.782677
1.679156
1.123318
0.4441496
-0.01132202
-0.1067239
0.09687757
0.4170372
-0.02703328
0.1109819
-0.07356656
-0.8622651
-0.7498248
-0.9386942
-1.293794
-1.038157
0.1699193
0.5916056
0.7007979
1.094693
1.075873
1.253012
0.6438252
0.8228159
1.524123
1.151273
0.45661
-0.3650748
-0.5720143
-0.6275392
-0.7839161
-1.109298
-1.49988
-0.9588897
-0.1509547
0.3430921
0.4165351
0.3502926
-0.6800731
-0.5941673
-0.3969856
-0.2701284
-0.2653984
-0.1227636
-0.07280099
-0.3648021
-0.2152354
0.3775153
0.5624269
0.6695211
0.8375159
0.5386814
0.3408382
0.3133007
0.2608933
0.3969351
-0.359544
-0.7535031
-0.3373873
-1.236719
-1.300651
-2.193446
-2.730366
-2.955393
-2.909333
-2.258533
-1.358237
-1.156027
-1.385165
-1.517741
-1.875757
-1.525463
-2.220677
-2.427552
-2.089876
-1.734568
-1.940989
-1.920183
-1.470157
-1.182895
-1.372926
-0.9478704
-0.1113031
0.02213162
0.2087681
1.342418
0.9652029
0.1267532
-0.7481738
-1.056705
-0.8668759
-0.7479312
-0.4357562
-0.2491853
0.00214912
0.6364734
1.284872
0.6141206
-0.3306796
-0.3201024
0.884388
0.464627
-0.2451348
-0.1852963
0.1635623
0.5556943
-0.1018025
0.0327989
0.0546132
-0.8401317
-0.527727
-0.7244025
-0.2772535
0.02565693
0.4903792
0.5614103
0.6548548
0.5433978
0.3341589
1.201716
0.3199141
-0.1930787
-0.3204692
-0.2722354
0.9507615
1.197994
0.9624526
0.4486164
-0.02710313
0.3856074
0.6661761
0.5280632
0.9367419
0.9781928
1.475453
2.448675
1.95877
1.391348
1.106638
0.6099156
0.5692493
0.4035529
0.5787703
0.4439715
1.177871
1.096962
0.6526772
0.7190717
0.3193667
0.8047914
0.8262807
0.8736271
0.878669
0.6102103
-1.083833
-1.134328
0.1063328
0.4085782
0.306395
0.1904827
-0.05075906
-0.238135
-0.3890972
0.05449713
0.0229879
-0.323151
-0.1314947
-0.1811281
0.09728695
0.1848303
0.8550136
1.06908
1.264297
0.4303887
0.6175426
0.6131271
0.6847548
0.3978921
0.5395075
1.340487
1.27804
1.145553
1.420976
2.498709
1.98501
1.104708
0.9321676
0.7549839
0.8556333
1.176778
1.194359
