 1948    0.104    0.105    0.105    0.108    0.112    0.116    0.119    0.121    0.123    0.124    0.125    0.126
 1949    0.126    0.125    0.123    0.119    0.117    0.116    0.112    0.109    0.106    0.102    0.099    0.096
 1950    0.094    0.092    0.090    0.088    0.086    0.085    0.086    0.086    0.087    0.089    0.091    0.092
 1951    0.092    0.091    0.089    0.088    0.087    0.085    0.085    0.086    0.086    0.086    0.085    0.086
 1952    0.086    0.086    0.087    0.087    0.087    0.088    0.090    0.093    0.095    0.097    0.098    0.099
 1953    0.099    0.100    0.103    0.106    0.108    0.110    0.111    0.113    0.115    0.116    0.118    0.118
 1954    0.119    0.118    0.117    0.116    0.116    0.115    0.115    0.115    0.115    0.115    0.115    0.115
 1955    0.115    0.116    0.117    0.119    0.122    0.125    0.128    0.131    0.133    0.135    0.138    0.138
 1956    0.138    0.138    0.139    0.141    0.141    0.140    0.137    0.134    0.132    0.130    0.128    0.128
 1957    0.128    0.128    0.128    0.127    0.125    0.123    0.120    0.116    0.113    0.110    0.108    0.107
 1958    0.106    0.105    0.105    0.104    0.101    0.098    0.095    0.092    0.088    0.085    0.083    0.081
 1959    0.078    0.076    0.076    0.074    0.074    0.073    0.071    0.070    0.068    0.066    0.065    0.064
 1960    0.063    0.061    0.060    0.058    0.057    0.054    0.051    0.047    0.044    0.040    0.035    0.031
 1961    0.028    0.027    0.026    0.026    0.026    0.026    0.028    0.028    0.029    0.030    0.030    0.031
 1962    0.032    0.033    0.034    0.034    0.033    0.032    0.030    0.028    0.026    0.023    0.020    0.018
 1963    0.015    0.013    0.010    0.005    0.002   -0.002   -0.006   -0.009   -0.012   -0.014   -0.017   -0.019
 1964   -0.022   -0.022   -0.021   -0.019   -0.019   -0.019   -0.018   -0.019   -0.020   -0.022   -0.024   -0.025
 1965   -0.026   -0.028   -0.029   -0.030   -0.031   -0.035   -0.039   -0.043   -0.047   -0.050   -0.055   -0.058
 1966   -0.062   -0.065   -0.068   -0.073   -0.077   -0.082   -0.085   -0.088   -0.092   -0.094   -0.096   -0.099
 1967   -0.103   -0.108   -0.113   -0.117   -0.121   -0.126   -0.128   -0.131   -0.133   -0.136   -0.139   -0.142
 1968   -0.147   -0.151   -0.155   -0.159   -0.161   -0.162   -0.162   -0.163   -0.163   -0.164   -0.165   -0.166
 1969   -0.168   -0.170   -0.173   -0.178   -0.181   -0.185   -0.189   -0.192   -0.194   -0.197   -0.198   -0.199
 1970   -0.201   -0.202   -0.203   -0.205   -0.208   -0.209   -0.210   -0.210   -0.211   -0.213   -0.213   -0.214
 1971   -0.216   -0.219   -0.223   -0.226   -0.231   -0.235   -0.237   -0.238   -0.239   -0.242   -0.245   -0.249
 1972   -0.253   -0.256   -0.258   -0.260   -0.261   -0.261   -0.259   -0.259   -0.259   -0.260   -0.261   -0.260
 1973   -0.260   -0.259   -0.259   -0.259   -0.259   -0.261   -0.261   -0.261   -0.261   -0.261   -0.261   -0.262
 1974   -0.262   -0.263   -0.266   -0.270   -0.272   -0.272   -0.273   -0.275   -0.275   -0.275   -0.274   -0.273
 1975   -0.273   -0.274   -0.274   -0.275   -0.274   -0.272   -0.270   -0.269   -0.267   -0.267   -0.267   -0.267
 1976   -0.267   -0.266   -0.263   -0.262   -0.259   -0.257   -0.254   -0.252   -0.249   -0.247   -0.247   -0.245
 1977   -0.243   -0.241   -0.238   -0.236   -0.235   -0.232   -0.230   -0.230   -0.229   -0.229   -0.230   -0.231
 1978   -0.231   -0.229   -0.225   -0.221   -0.219   -0.218   -0.217   -0.217   -0.218   -0.218   -0.218   -0.216
 1979   -0.215   -0.213   -0.212   -0.210   -0.207   -0.206   -0.204   -0.202   -0.199   -0.198   -0.197   -0.196
 1980   -0.196   -0.197   -0.197   -0.197   -0.197   -0.195   -0.194   -0.194   -0.194   -0.194   -0.193   -0.193
 1981   -0.193   -0.192   -0.191   -0.189   -0.188   -0.186   -0.184   -0.184   -0.184   -0.185   -0.186   -0.185
 1982   -0.184   -0.182   -0.180   -0.178   -0.176   -0.173   -0.169   -0.166   -0.163   -0.161   -0.160   -0.158
 1983   -0.157   -0.157   -0.156   -0.154   -0.151   -0.148   -0.144   -0.142   -0.141   -0.141   -0.140   -0.141
 1984   -0.141   -0.141   -0.141   -0.142   -0.141   -0.140   -0.138   -0.136   -0.136   -0.136   -0.136   -0.137
 1985   -0.139   -0.140   -0.141   -0.141   -0.141   -0.143   -0.144   -0.144   -0.143   -0.142   -0.142   -0.141
 1986   -0.140   -0.140   -0.139   -0.140   -0.140   -0.141   -0.141   -0.141   -0.141   -0.143   -0.143   -0.144
 1987   -0.146   -0.146   -0.146   -0.147   -0.147   -0.147   -0.147   -0.149   -0.149   -0.149   -0.149   -0.148
 1988   -0.147   -0.146   -0.147   -0.149   -0.151   -0.152   -0.154   -0.156   -0.156   -0.157   -0.158   -0.159
 1989   -0.161   -0.163   -0.165   -0.165   -0.166   -0.166   -0.166   -0.166   -0.165   -0.164   -0.161   -0.158
 1990   -0.156   -0.154   -0.151   -0.148   -0.142   -0.136   -0.133   -0.130   -0.127   -0.125   -0.122   -0.119
 1991   -0.116   -0.114   -0.112   -0.110   -0.108   -0.107   -0.105   -0.104   -0.101   -0.101   -0.100   -0.098
 1992   -0.096   -0.094   -0.092   -0.092   -0.092   -0.092   -0.093   -0.096   -0.097   -0.097   -0.098   -0.096
 1993   -0.095   -0.093   -0.089   -0.087   -0.084   -0.081   -0.078   -0.075   -0.072   -0.068   -0.064   -0.060
 1994   -0.059   -0.056   -0.055   -0.052   -0.048   -0.046   -0.045   -0.044   -0.043   -0.042   -0.042   -0.040
 1995   -0.040   -0.038   -0.036   -0.034   -0.032   -0.032   -0.031   -0.030   -0.029   -0.031   -0.032   -0.033
 1996   -0.034   -0.032   -0.031   -0.031   -0.030   -0.027   -0.025   -0.023   -0.019   -0.017   -0.014   -0.010
 1997   -0.007   -0.004   -0.002   -0.001    0.000    0.001    0.002    0.005    0.008    0.012    0.015    0.018
 1998    0.020    0.022    0.025    0.027    0.030    0.033    0.037    0.043    0.048    0.053    0.057    0.061
 1999    0.065    0.070    0.074    0.077    0.078    0.082    0.085    0.090    0.094    0.097    0.099    0.101
 2000    0.103    0.104    0.107    0.109    0.111    0.111    0.112    0.113    0.115    0.116    0.117    0.117
 2001    0.118    0.119    0.120    0.122    0.124    0.127    0.132    0.136    0.139    0.142    0.145    0.148
 2002    0.151    0.153    0.154    0.156    0.157    0.157    0.158    0.158    0.159    0.159    0.159    0.160
 2003    0.159    0.159    0.158    0.155    0.154    0.153    0.151    0.148    0.146    0.143    0.140    0.138
 2004    0.135    0.133    0.131    0.130    0.129    0.128    0.129    0.128    0.126    0.126    0.127    0.128
 2005    0.128    0.130    0.133    0.135    0.139    0.142    0.145    0.149    0.152    0.154    0.156    0.158
 2006    0.160    0.162    0.163    0.164    0.165    0.167    0.166    0.166    0.166    0.164    0.161    0.159
 2007    0.157    0.156    0.154    0.154    0.155    0.158    0.162    0.166    0.169    0.171    0.171    0.172
 2008    0.173    0.174    0.175    0.175    0.176    0.175    0.175    0.174    0.173    0.172    0.169    0.168
 2009    0.165    0.163    0.161    0.159    0.158    0.158    0.159    0.159    0.159    0.160    0.158    0.157
 2010    0.155    0.154    0.152    0.149    0.147    0.145    0.144    0.141    0.140    0.139    0.139    0.140
 2011    0.140    0.140    0.141    0.142    0.143    0.144    0.145    0.145    0.146    0.146    0.146    0.147
 2012    0.147    0.148    0.147    0.149    0.150    0.151    0.153    0.155    0.157    0.160    0.161    0.163
 2013    0.163    0.164    0.164    0.163    0.163    0.161    0.159    0.158    0.158    0.158    0.156    0.155
 2014    0.155    0.156    0.159    0.161    0.163    0.165    0.166    0.167    0.168    0.169    0.168    0.169
 2015    0.169    0.172    0.174    0.174    0.173    0.171    0.171    0.171    0.169    0.168    0.166    0.166


