 1861    0.053    0.053    0.053    0.052    0.052    0.054    0.054    0.054    0.054    0.053    0.054    0.055
 1862    0.055    0.056    0.059    0.062    0.064    0.064    0.064    0.064    0.064    0.063    0.065    0.066
 1863    0.069    0.072    0.076    0.079    0.078    0.080    0.084    0.087    0.089    0.087    0.085    0.084
 1864    0.082    0.084    0.085    0.087    0.088    0.089    0.092    0.094    0.094    0.094    0.092    0.091
 1865    0.089    0.088    0.088    0.086    0.087    0.085    0.082    0.081    0.082    0.083    0.084    0.084
 1866    0.082    0.081    0.083    0.084    0.083    0.083    0.082    0.079    0.076    0.072    0.070    0.069
 1867    0.067    0.067    0.068    0.068    0.070    0.073    0.076    0.082    0.087    0.090    0.091    0.094
 1868    0.097    0.098    0.099    0.099    0.098    0.098    0.099    0.101    0.105    0.107    0.109    0.112
 1869    0.113    0.114    0.116    0.116    0.117    0.117    0.117    0.115    0.113    0.111    0.110    0.106
 1870    0.103    0.102    0.100    0.099    0.099    0.100    0.099    0.099    0.099    0.097    0.095    0.092
 1871    0.089    0.088    0.086    0.083    0.082    0.080    0.078    0.077    0.076    0.075    0.073    0.070
 1872    0.068    0.067    0.066    0.064    0.064    0.065    0.067    0.069    0.071    0.073    0.075    0.077
 1873    0.080    0.082    0.084    0.087    0.089    0.093    0.094    0.095    0.098    0.100    0.104    0.108
 1874    0.110    0.114    0.113    0.113    0.113    0.112    0.111    0.109    0.107    0.107    0.108    0.109
 1875    0.110    0.112    0.112    0.112    0.113    0.113    0.114    0.115    0.116    0.117    0.117    0.115
 1876    0.115    0.117    0.120    0.121    0.120    0.120    0.119    0.118    0.117    0.117    0.116    0.115
 1877    0.113    0.113    0.113    0.113    0.113    0.111    0.110    0.108    0.105    0.102    0.102    0.102
 1878    0.102    0.100    0.099    0.099    0.099    0.099    0.099    0.098    0.097    0.095    0.095    0.095
 1879    0.094    0.093    0.093    0.093    0.094    0.095    0.093    0.092    0.091    0.089    0.086    0.086
 1880    0.088    0.090    0.089    0.086    0.085    0.083    0.081    0.082    0.082    0.081    0.080    0.081
 1881    0.083    0.086    0.088    0.091    0.093    0.096    0.098    0.097    0.096    0.095    0.095    0.096
 1882    0.095    0.095    0.093    0.091    0.090    0.090    0.090    0.089    0.088    0.088    0.087    0.086
 1883    0.086    0.085    0.085    0.083    0.079    0.077    0.073    0.071    0.068    0.065    0.064    0.062
 1884    0.060    0.059    0.059    0.061    0.064    0.064    0.063    0.063    0.064    0.065    0.066    0.066
 1885    0.065    0.064    0.064    0.062    0.061    0.062    0.060    0.056    0.053    0.050    0.046    0.043
 1886    0.041    0.039    0.039    0.038    0.038    0.038    0.039    0.040    0.040    0.040    0.039    0.042
 1887    0.043    0.045    0.047    0.047    0.047    0.047    0.045    0.044    0.041    0.039    0.037    0.036
 1888    0.035    0.035    0.036    0.036    0.034    0.035    0.037    0.039    0.039    0.039    0.040    0.039
 1889    0.037    0.035    0.035    0.033    0.031    0.029    0.026    0.024    0.022    0.021    0.019    0.020
 1890    0.020    0.020    0.017    0.015    0.016    0.016    0.016    0.016    0.015    0.016    0.015    0.014
 1891    0.013    0.012    0.011    0.010    0.010    0.010    0.009    0.007    0.009    0.011    0.011    0.012
 1892    0.012    0.014    0.017    0.020    0.021    0.022    0.021    0.018    0.017    0.016    0.014    0.012
 1893    0.010    0.009    0.008    0.006    0.006    0.006    0.006    0.005    0.005    0.003   -0.000   -0.001
 1894   -0.003   -0.005   -0.007   -0.009   -0.010   -0.011   -0.012   -0.011   -0.010   -0.011   -0.010   -0.009
 1895   -0.008   -0.006   -0.006   -0.004   -0.003   -0.002   -0.000    0.002    0.005    0.008    0.009    0.012
 1896    0.015    0.019    0.021    0.021    0.021    0.021    0.021    0.021    0.020    0.019    0.018    0.020
 1897    0.018    0.018    0.016    0.014    0.014    0.013    0.011    0.012    0.013    0.015    0.015    0.017
 1898    0.018    0.019    0.019    0.019    0.019    0.018    0.016    0.011    0.006    0.002    0.001   -0.002
 1899   -0.004   -0.005   -0.007   -0.009   -0.010   -0.011   -0.011   -0.012   -0.014   -0.015   -0.014   -0.013
 1900   -0.013   -0.014   -0.016   -0.015   -0.013   -0.013   -0.013   -0.013   -0.016   -0.018   -0.021   -0.022
 1901   -0.023   -0.023   -0.023   -0.023   -0.025   -0.027   -0.029   -0.030   -0.032   -0.036   -0.037   -0.040
 1902   -0.042   -0.045   -0.049   -0.052   -0.056   -0.059   -0.062   -0.066   -0.068   -0.070   -0.072   -0.074
 1903   -0.076   -0.078   -0.080   -0.083   -0.085   -0.086   -0.088   -0.089   -0.091   -0.093   -0.094   -0.094
 1904   -0.095   -0.096   -0.096   -0.097   -0.098   -0.101   -0.104   -0.106   -0.109   -0.111   -0.115   -0.118
 1905   -0.123   -0.127   -0.131   -0.134   -0.138   -0.141   -0.144   -0.147   -0.148   -0.150   -0.151   -0.154
 1906   -0.157   -0.160   -0.164   -0.168   -0.172   -0.175   -0.178   -0.180   -0.183   -0.184   -0.185   -0.186
 1907   -0.187   -0.188   -0.190   -0.191   -0.191   -0.192   -0.192   -0.193   -0.193   -0.195   -0.197   -0.198
 1908   -0.200   -0.202   -0.204   -0.207   -0.211   -0.214   -0.216   -0.219   -0.219   -0.218   -0.219   -0.220
 1909   -0.219   -0.219   -0.219   -0.219   -0.218   -0.218   -0.218   -0.218   -0.217   -0.214   -0.213   -0.213
 1910   -0.213   -0.212   -0.211   -0.207   -0.204   -0.201   -0.197   -0.195   -0.192   -0.189   -0.187   -0.185
 1911   -0.183   -0.183   -0.184   -0.184   -0.184   -0.182   -0.183   -0.183   -0.183   -0.182   -0.183   -0.185
 1912   -0.185   -0.187   -0.187   -0.188   -0.189   -0.189   -0.188   -0.188   -0.187   -0.189   -0.190   -0.190
 1913   -0.189   -0.189   -0.188   -0.187   -0.188   -0.190   -0.192   -0.196   -0.199   -0.200   -0.202   -0.202
 1914   -0.203   -0.203   -0.203   -0.203   -0.203   -0.205   -0.206   -0.207   -0.207   -0.208   -0.208   -0.208
 1915   -0.210   -0.211   -0.213   -0.213   -0.213   -0.213   -0.212   -0.212   -0.212   -0.214   -0.215   -0.217
 1916   -0.218   -0.218   -0.219   -0.218   -0.218   -0.217   -0.216   -0.216   -0.218   -0.217   -0.219   -0.218
 1917   -0.218   -0.218   -0.219   -0.220   -0.222   -0.223   -0.225   -0.226   -0.225   -0.226   -0.227   -0.228
 1918   -0.229   -0.230   -0.231   -0.233   -0.232   -0.231   -0.229   -0.229   -0.228   -0.227   -0.225   -0.222
 1919   -0.221   -0.220   -0.219   -0.216   -0.212   -0.211   -0.209   -0.206   -0.205   -0.205   -0.207   -0.208
 1920   -0.209   -0.210   -0.211   -0.213   -0.214   -0.218   -0.221   -0.225   -0.228   -0.230   -0.232   -0.231
 1921   -0.231   -0.230   -0.229   -0.227   -0.225   -0.225   -0.224   -0.223   -0.222   -0.221   -0.220   -0.217
 1922   -0.215   -0.212   -0.209   -0.205   -0.201   -0.197   -0.195   -0.192   -0.189   -0.186   -0.182   -0.179
 1923   -0.177   -0.177   -0.177   -0.177   -0.175   -0.173   -0.168   -0.165   -0.161   -0.157   -0.156   -0.154
 1924   -0.153   -0.152   -0.152   -0.151   -0.151   -0.151   -0.151   -0.150   -0.149   -0.148   -0.147   -0.147
 1925   -0.146   -0.143   -0.141   -0.139   -0.137   -0.136   -0.133   -0.130   -0.125   -0.121   -0.118   -0.113
 1926   -0.110   -0.107   -0.103   -0.099   -0.095   -0.091   -0.088   -0.085   -0.081   -0.077   -0.076   -0.072
 1927   -0.070   -0.066   -0.062   -0.058   -0.053   -0.048   -0.043   -0.037   -0.032   -0.027   -0.023   -0.020
 1928   -0.016   -0.012   -0.007   -0.002    0.004    0.008    0.013    0.018    0.023    0.029    0.032    0.034
 1929    0.033    0.033    0.033    0.033    0.032    0.032    0.034    0.036    0.038    0.041    0.043    0.046
 1930    0.049    0.050    0.052    0.054    0.057    0.058    0.060    0.061    0.062    0.063    0.064    0.066
 1931    0.067    0.068    0.068    0.070    0.070    0.071    0.072    0.072    0.073    0.074    0.072    0.073
 1932    0.072    0.072    0.073    0.073    0.073    0.075    0.079    0.083    0.086    0.087    0.088    0.090
 1933    0.092    0.093    0.096    0.098    0.101    0.102    0.103    0.105    0.107    0.109    0.111    0.113
 1934    0.115    0.117    0.117    0.119    0.120    0.122    0.126    0.130    0.134    0.135    0.134    0.134
 1935    0.136    0.136    0.136    0.136    0.138    0.139    0.141    0.141    0.141    0.138    0.135    0.133
 1936    0.131    0.131    0.131    0.130    0.130    0.128    0.126    0.127    0.128    0.129    0.130    0.132
 1937    0.132    0.132    0.132    0.131    0.131    0.132    0.131    0.130    0.128    0.127    0.127    0.127
 1938    0.127    0.127    0.125    0.123    0.120    0.117    0.115    0.113    0.111    0.110    0.108    0.110
 1939    0.112    0.116    0.121    0.125    0.128    0.132    0.135    0.137    0.140    0.141    0.142    0.144
 1940    0.147    0.149    0.153    0.158    0.160    0.160    0.160    0.160    0.161    0.162    0.164    0.165
 1941    0.166    0.167    0.167    0.166    0.165    0.163    0.159    0.156    0.154    0.153    0.151    0.151
 1942    0.149    0.148    0.146    0.145    0.143    0.141    0.136    0.130    0.124    0.119    0.117    0.116
 1943    0.113    0.111    0.110    0.107    0.105    0.104    0.102    0.101    0.098    0.095    0.093    0.091
 1944    0.091    0.091    0.091    0.092    0.091    0.090    0.089    0.087    0.085    0.084    0.084    0.087
 1945    0.088    0.088    0.088    0.088    0.088    0.088    0.087    0.087    0.086    0.085    0.086    0.088
 1946    0.090    0.090    0.090    0.090    0.091    0.093    0.097    0.098    0.098    0.098    0.096    0.094
 1947    0.093    0.093    0.094    0.094    0.093    0.095    0.096    0.098    0.100    0.101    0.102    0.103
 1948    0.104    0.105    0.105    0.108    0.112    0.116    0.119    0.121    0.123    0.124    0.125    0.126
 1949    0.126    0.125    0.123    0.119    0.117    0.116    0.112    0.109    0.106    0.102    0.099    0.096
 1950    0.094    0.092    0.090    0.088    0.086    0.085    0.086    0.086    0.087    0.089    0.091    0.092
 1951    0.092    0.091    0.089    0.088    0.087    0.085    0.085    0.086    0.086    0.086    0.085    0.086
 1952    0.086    0.086    0.087    0.087    0.087    0.088    0.090    0.093    0.095    0.097    0.098    0.099
 1953    0.099    0.100    0.103    0.106    0.108    0.110    0.111    0.113    0.115    0.116    0.118    0.118
 1954    0.119    0.118    0.117    0.116    0.116    0.115    0.115    0.115    0.115    0.115    0.115    0.115
 1955    0.115    0.116    0.117    0.119    0.122    0.125    0.128    0.131    0.133    0.135    0.138    0.138
 1956    0.138    0.138    0.139    0.141    0.141    0.140    0.137    0.134    0.132    0.130    0.128    0.128
 1957    0.128    0.128    0.128    0.127    0.125    0.123    0.120    0.116    0.113    0.110    0.108    0.107
 1958    0.106    0.105    0.105    0.104    0.101    0.098    0.095    0.092    0.088    0.085    0.083    0.081
 1959    0.078    0.076    0.076    0.074    0.074    0.073    0.071    0.070    0.068    0.066    0.065    0.064
 1960    0.063    0.061    0.060    0.058    0.057    0.054    0.051    0.047    0.044    0.040    0.035    0.031
 1961    0.028    0.027    0.026    0.026    0.026    0.026    0.028    0.028    0.029    0.030    0.030    0.031
 1962    0.032    0.033    0.034    0.034    0.033    0.032    0.030    0.028    0.026    0.023    0.020    0.018
 1963    0.015    0.013    0.010    0.005    0.002   -0.002   -0.006   -0.009   -0.012   -0.014   -0.017   -0.019
 1964   -0.022   -0.022   -0.021   -0.019   -0.019   -0.019   -0.018   -0.019   -0.020   -0.022   -0.024   -0.025
 1965   -0.026   -0.028   -0.029   -0.030   -0.031   -0.035   -0.039   -0.043   -0.047   -0.050   -0.055   -0.058
 1966   -0.062   -0.065   -0.068   -0.073   -0.077   -0.082   -0.085   -0.088   -0.092   -0.094   -0.096   -0.099
 1967   -0.103   -0.108   -0.113   -0.117   -0.121   -0.126   -0.128   -0.131   -0.133   -0.136   -0.139   -0.142
 1968   -0.147   -0.151   -0.155   -0.159   -0.161   -0.162   -0.162   -0.163   -0.163   -0.164   -0.165   -0.166
 1969   -0.168   -0.170   -0.173   -0.178   -0.181   -0.185   -0.189   -0.192   -0.194   -0.197   -0.198   -0.199
 1970   -0.201   -0.202   -0.203   -0.205   -0.208   -0.209   -0.210   -0.210   -0.211   -0.213   -0.213   -0.214
 1971   -0.216   -0.219   -0.223   -0.226   -0.231   -0.235   -0.237   -0.238   -0.239   -0.242   -0.245   -0.249
 1972   -0.253   -0.256   -0.258   -0.260   -0.261   -0.261   -0.259   -0.259   -0.259   -0.260   -0.261   -0.260
 1973   -0.260   -0.259   -0.259   -0.259   -0.259   -0.261   -0.261   -0.261   -0.261   -0.261   -0.261   -0.262
 1974   -0.262   -0.263   -0.266   -0.270   -0.272   -0.272   -0.273   -0.275   -0.275   -0.275   -0.274   -0.273
 1975   -0.273   -0.274   -0.274   -0.275   -0.274   -0.272   -0.270   -0.269   -0.267   -0.267   -0.267   -0.267
 1976   -0.267   -0.266   -0.263   -0.262   -0.259   -0.257   -0.254   -0.252   -0.249   -0.247   -0.247   -0.245
 1977   -0.243   -0.241   -0.238   -0.236   -0.235   -0.232   -0.230   -0.230   -0.229   -0.229   -0.230   -0.231
 1978   -0.231   -0.229   -0.225   -0.221   -0.219   -0.218   -0.217   -0.217   -0.218   -0.218   -0.218   -0.216
 1979   -0.215   -0.213   -0.212   -0.210   -0.207   -0.206   -0.204   -0.202   -0.199   -0.198   -0.197   -0.196
 1980   -0.196   -0.197   -0.197   -0.197   -0.197   -0.195   -0.194   -0.194   -0.194   -0.194   -0.193   -0.193
 1981   -0.193   -0.192   -0.191   -0.189   -0.188   -0.186   -0.184   -0.184   -0.184   -0.185   -0.186   -0.185
 1982   -0.184   -0.182   -0.180   -0.178   -0.176   -0.173   -0.169   -0.166   -0.163   -0.161   -0.160   -0.158
 1983   -0.157   -0.157   -0.156   -0.154   -0.151   -0.148   -0.144   -0.142   -0.141   -0.141   -0.140   -0.141
 1984   -0.141   -0.141   -0.141   -0.142   -0.141   -0.140   -0.138   -0.136   -0.136   -0.136   -0.136   -0.137
 1985   -0.139   -0.140   -0.141   -0.141   -0.141   -0.143   -0.144   -0.144   -0.143   -0.142   -0.142   -0.141
 1986   -0.140   -0.140   -0.139   -0.140   -0.140   -0.141   -0.141   -0.141   -0.141   -0.143   -0.143   -0.144
 1987   -0.146   -0.146   -0.146   -0.147   -0.147   -0.147   -0.147   -0.149   -0.149   -0.149   -0.149   -0.148
 1988   -0.147   -0.146   -0.147   -0.149   -0.151   -0.152   -0.154   -0.156   -0.156   -0.157   -0.158   -0.159
 1989   -0.161   -0.163   -0.165   -0.165   -0.166   -0.166   -0.166   -0.166   -0.165   -0.164   -0.161   -0.158
 1990   -0.156   -0.154   -0.151   -0.148   -0.142   -0.136   -0.133   -0.130   -0.127   -0.125   -0.122   -0.119
 1991   -0.116   -0.114   -0.112   -0.110   -0.108   -0.107   -0.105   -0.104   -0.101   -0.101   -0.100   -0.098
 1992   -0.096   -0.094   -0.092   -0.092   -0.092   -0.092   -0.093   -0.096   -0.097   -0.097   -0.098   -0.096
 1993   -0.095   -0.093   -0.089   -0.087   -0.084   -0.081   -0.078   -0.075   -0.072   -0.068   -0.064   -0.060
 1994   -0.059   -0.056   -0.055   -0.052   -0.048   -0.046   -0.045   -0.044   -0.043   -0.042   -0.042   -0.040
 1995   -0.040   -0.038   -0.036   -0.034   -0.032   -0.032   -0.031   -0.030   -0.029   -0.031   -0.032   -0.033
 1996   -0.034   -0.032   -0.031   -0.031   -0.030   -0.027   -0.025   -0.023   -0.019   -0.017   -0.014   -0.010
 1997   -0.007   -0.004   -0.002   -0.001    0.000    0.001    0.002    0.005    0.008    0.012    0.015    0.018
 1998    0.020    0.022    0.025    0.027    0.030    0.033    0.037    0.043    0.048    0.053    0.057    0.061
 1999    0.065    0.070    0.074    0.077    0.078    0.082    0.085    0.090    0.094    0.097    0.099    0.101
 2000    0.103    0.104    0.107    0.109    0.111    0.111    0.112    0.113    0.115    0.116    0.117    0.117
 2001    0.118    0.119    0.120    0.122    0.124    0.127    0.132    0.136    0.139    0.142    0.145    0.148
 2002    0.151    0.153    0.154    0.156    0.157    0.157    0.158    0.158    0.159    0.159    0.159    0.160
 2003    0.159    0.159    0.158    0.155    0.154    0.153    0.151    0.148    0.146    0.143    0.140    0.138
 2004    0.135    0.133    0.131    0.130    0.129    0.128    0.129    0.128    0.126    0.126    0.127    0.128
 2005    0.128    0.130    0.133    0.135    0.139    0.142    0.145    0.149    0.152    0.154    0.156    0.158
 2006    0.160    0.162    0.163    0.164    0.165    0.167    0.166    0.166    0.166    0.164    0.161    0.159
 2007    0.157    0.156    0.154    0.154    0.155    0.158    0.162    0.166    0.169    0.171    0.171    0.172
 2008    0.173    0.174    0.175    0.175    0.176    0.175    0.175    0.174    0.173    0.172    0.169    0.168
 2009    0.165    0.163    0.161    0.159    0.158    0.158    0.159    0.159    0.159    0.160    0.158    0.157
 2010    0.155    0.154    0.152    0.149    0.147    0.145    0.144    0.141    0.140    0.139    0.139    0.140
 2011    0.140    0.140    0.141    0.142    0.143    0.144    0.145    0.145    0.146    0.146    0.146    0.147
 2012    0.147    0.148    0.147    0.149    0.150    0.151    0.153    0.155    0.157    0.160    0.161    0.163
 2013    0.163    0.164    0.164    0.163    0.163    0.161    0.159    0.158    0.158    0.158    0.156    0.155
 2014    0.155    0.156    0.159    0.161    0.163    0.165    0.166    0.167    0.168    0.169    0.168    0.169
 2015    0.169    0.172    0.174    0.174    0.173    0.171    0.171    0.171    0.169    0.168    0.166    0.166
